##############################################################################
* Vectorset name: "SP1.SP"
* Vectorset number of attributes: 0
* Independent number of variables: 1
    0: "freq" 0 r
	number of attributes: 1
	    "flags" = "frequency type=real indep=yes mixop=neg"
* Dependent number of variables: 6
    0: "S[1,1]" 0 c
	number of attributes: 1
	    "flags" = "s-param type=complex indep=no"
    1: "S[1,2]" 0 c
	number of attributes: 1
	    "flags" = "s-param type=complex indep=no"
    2: "S[2,1]" 0 c
	number of attributes: 1
	    "flags" = "s-param type=complex indep=no"
    3: "S[2,2]" 0 c
	number of attributes: 1
	    "flags" = "s-param type=complex indep=no"
    4: "PortZ[1]" 0 c
	number of attributes: 1
	    "flags" = "port-impedance type=complex indep=no"
    5: "PortZ[2]" 0 c
	number of attributes: 1
	    "flags" = "port-impedance type=complex indep=no"
----------
* Leaf node name: "DN=1=0"
* Leaf node number of attributes: 0
* Number of dependents: 6
* Number of points: 91
0: 1000000000
(0.102758907586521, -0.994706271985488)
(0.000197404361847916, 2.03930116332896e-05)
(0.000197404361847916, 2.03930116332896e-05)
(0.102758907586521, -0.994706271985488)
(50, 0)
(50, 0)
1: 1100000000
(-0.0665947423299447, -0.997780062483664)
(0.000294647867692271, -1.96656553531361e-05)
(0.000294647867692271, -1.96656553531361e-05)
(-0.0665947423299447, -0.997780062483664)
(50, 0)
(50, 0)
2: 1200000000
(-0.241544090630727, -0.970389739238594)
(0.000440712808584227, -0.00010969981469746)
(0.000440712808584227, -0.00010969981469746)
(-0.241544090630727, -0.970389739238594)
(50, 0)
(50, 0)
3: 1300000000
(-0.417543600146, -0.908656597708484)
(0.000661148830439773, -0.000303809451876896)
(0.000661148830439773, -0.000303809451876896)
(-0.417543600146, -0.908656597708484)
(50, 0)
(50, 0)
4: 1400000000
(-0.588829054359862, -0.808256666368736)
(0.000991890801314472, -0.000722609719002051)
(0.000991890801314472, -0.000722609719002051)
(-0.588829054359862, -0.808256666368736)
(50, 0)
(50, 0)
5: 1500000000
(-0.747882058449604, -0.663827938843144)
(0.0014685885161414, -0.00165454169401389)
(0.0014685885161414, -0.00165454169401388)
(-0.747882058449604, -0.663827938843144)
(50, 0)
(50, 0)
6: 1600000000
(-0.884003855815482, -0.467459237462912)
(0.00203999643137622, -0.00385780099452945)
(0.00203999643137622, -0.00385780099452945)
(-0.884003855815482, -0.467459237462912)
(50, 0)
(50, 0)
7: 1700000000
(-0.978740077114699, -0.204870309310789)
(0.00200759348532177, -0.00959100520348226)
(0.00200759348532177, -0.00959100520348226)
(-0.978740077114699, -0.204870309310789)
(50, 0)
(50, 0)
8: 1800000000
(-0.987657432693628, 0.154289376746169)
(-0.00416327986187502, -0.0266505341241303)
(-0.00416327986187503, -0.0266505341241303)
(-0.987657432693628, 0.154289376746169)
(50, 0)
(50, 0)
9: 1900000000
(-0.736707037300787, 0.667705248613756)
(-0.071804410259911, -0.0792247993520107)
(-0.0718044102599111, -0.0792247993520107)
(-0.736707037300786, 0.667705248613756)
(50, 0)
(50, 0)
10: 2000000000
(0.503210666554067, 0.507538776379591)
(-0.49667533843342, 0.492439868135558)
(-0.49667533843342, 0.492439868135558)
(0.503210666554067, 0.507538776379591)
(50, 0)
(50, 0)
11: 2100000000
(-0.0310468473456755, -0.143415141573187)
(0.966780977725552, -0.209291021177362)
(0.966780977725552, -0.209291021177362)
(-0.0310468473456755, -0.143415141573187)
(50, 0)
(50, 0)
12: 2200000000
(0.300628469527191, -0.647468135491893)
(-0.635163407331678, -0.294915212932807)
(-0.635163407331678, -0.294915212932807)
(0.300628469527191, -0.647468135491893)
(50, 0)
(50, 0)
13: 2300000000
(-0.784348403125397, -0.603342790864132)
(-0.0878808057074552, 0.114245451616804)
(-0.0878808057074552, 0.114245451616804)
(-0.784348403125397, -0.603342790864132)
(50, 0)
(50, 0)
14: 2400000000
(-0.989327786968948, -0.136229359950735)
(-0.00705143303960731, 0.0512090686365789)
(-0.00705143303960731, 0.0512090686365789)
(-0.989327786968948, -0.136229359950735)
(50, 0)
(50, 0)
15: 2500000000
(-0.979063175180632, 0.201896148758791)
(0.00524035323183363, 0.0254122572707258)
(0.00524035323183363, 0.0254122572707258)
(-0.979063175180632, 0.201896148758791)
(50, 0)
(50, 0)
16: 2600000000
(-0.889272857007478, 0.457104843129695)
(0.00721314002822858, 0.0140327754940847)
(0.00721314002822858, 0.0140327754940847)
(-0.889272857007478, 0.457104843129695)
(50, 0)
(50, 0)
17: 2700000000
(-0.757738077099472, 0.652468051564341)
(0.0071014855647452, 0.00824724828055286)
(0.0071014855647452, 0.00824724828055286)
(-0.757738077099472, 0.652468051564341)
(50, 0)
(50, 0)
18: 2800000000
(-0.60148484127695, 0.798841854417976)
(0.00657199404333916, 0.00494835713998859)
(0.00657199404333916, 0.00494835713998859)
(-0.60148484127695, 0.798841854417976)
(50, 0)
(50, 0)
19: 2900000000
(-0.431011362354381, 0.902321765040216)
(0.00602868774788306, 0.00287971876563171)
(0.00602868774788306, 0.00287971876563171)
(-0.431011362354381, 0.902321765040216)
(50, 0)
(50, 0)
20: 3000000000
(-0.253998729144182, 0.967187388679194)
(0.00557303708087624, 0.00146356781796862)
(0.00557303708087624, 0.00146356781796862)
(-0.253998729144182, 0.967187388679194)
(50, 0)
(50, 0)
21: 3100000000
(-0.076492867505575, 0.997056351282783)
(0.00522616787908749, 0.000400944807806104)
(0.00522616787908749, 0.000400944807806104)
(-0.076492867505575, 0.997056351282783)
(50, 0)
(50, 0)
22: 3200000000
(0.0966475744797064, 0.995306042905568)
(0.00498924733857032, -0.000484472748044897)
(0.00498924733857032, -0.000484472748044897)
(0.0966475744797066, 0.995306042905568)
(50, 0)
(50, 0)
23: 3300000000
(0.261532245835913, 0.965181593181006)
(0.00486217990489776, -0.00131748972335373)
(0.00486217990489776, -0.00131748972335373)
(0.261532245835913, 0.965181593181006)
(50, 0)
(50, 0)
24: 3400000000
(0.415090018739004, 0.909764720050939)
(0.00485095747004525, -0.00221330194803603)
(0.00485095747004525, -0.00221330194803603)
(0.415090018739004, 0.909764720050939)
(50, 0)
(50, 0)
25: 3500000000
(0.554939393209349, 0.831869301046976)
(0.00497295873459153, -0.0033174570802842)
(0.00497295873459154, -0.0033174570802842)
(0.554939393209349, 0.831869301046976)
(50, 0)
(50, 0)
26: 3600000000
(0.67926332899684, 0.733859572548294)
(0.0052644032872021, -0.00487275254805166)
(0.00526440328720209, -0.00487275254805166)
(0.67926332899684, 0.733859572548294)
(50, 0)
(50, 0)
27: 3700000000
(0.78667972758131, 0.617289991055468)
(0.00579335496249737, -0.00738310189654401)
(0.00579335496249737, -0.00738310189654401)
(0.78667972758131, 0.617289991055468)
(50, 0)
(50, 0)
28: 3800000000
(0.876074671874288, 0.481976487112344)
(0.0066762352192753, -0.012135198988906)
(0.0066762352192753, -0.012135198988906)
(0.876074671874288, 0.481976487112344)
(50, 0)
(50, 0)
29: 3900000000
(0.946177420965854, 0.322699040855602)
(0.00799612698463988, -0.0234452348788588)
(0.00799612698463988, -0.0234452348788588)
(0.946177420965854, 0.322699040855601)
(50, 0)
(50, 0)
30: 4000000000
(0.991846408559912, 0.109313522180071)
(0.0071762890605301, -0.0651134131397714)
(0.00717628906053009, -0.0651134131397714)
(0.991846408559912, 0.109313522180071)
(50, 0)
(50, 0)
31: 4100000000
(0.135777412304138, -0.36751697272384)
(-0.863037409815946, -0.31884510083437)
(-0.863037409815946, -0.31884510083437)
(0.135777412304138, -0.36751697272384)
(50, 0)
(50, 0)
32: 4200000000
(0.917474826129348, -0.158655769602086)
(0.0621585269890325, 0.359450424555938)
(0.0621585269890325, 0.359450424555938)
(0.917474826129348, -0.158655769602086)
(50, 0)
(50, 0)
33: 4300000000
(0.870893759789768, 0.24665536627741)
(0.115839261148049, -0.409006668677263)
(0.115839261148049, -0.409006668677263)
(0.870893759789768, 0.24665536627741)
(50, 0)
(50, 0)
34: 4400000000
(0.962638865021807, 0.192204519136409)
(-0.0373478678854511, 0.187053401833488)
(-0.0373478678854511, 0.187053401833488)
(0.962638865021807, 0.192204519136409)
(50, 0)
(50, 0)
35: 4500000000
(0.974201659663199, -0.225406800474519)
(0.00249902569547476, 0.0108007166374188)
(0.00249902569547476, 0.0108007166374188)
(0.974201659663199, -0.225406800474519)
(50, 0)
(50, 0)
36: 4600000000
(0.912612994233546, -0.408819280275965)
(0.000849601750012633, 0.00189657786311277)
(0.000849601750012632, 0.00189657786311277)
(0.912612994233546, -0.408819280275965)
(50, 0)
(50, 0)
37: 4700000000
(0.830785603292358, -0.556592368078524)
(0.000259373798965602, 0.000387148711355432)
(0.000259373798965602, 0.000387148711355432)
(0.830785603292358, -0.556592368078524)
(50, 0)
(50, 0)
38: 4800000000
(0.730145243360791, -0.683291969845192)
(5.9342991709242e-05, 6.34121357128178e-05)
(5.93429917092419e-05, 6.34121357128177e-05)
(0.730145243360791, -0.683291969845192)
(50, 0)
(50, 0)
39: 4900000000
(0.611571206324579, -0.791189395511841)
(3.90083942120121e-06, 3.01525915796579e-06)
(3.90083942120121e-06, 3.01525915796579e-06)
(0.611571206324579, -0.791189395511841)
(50, 0)
(50, 0)
40: 5000000000
(0.476137500053695, -0.879370843853893)
(4.15343266759288e-06, 2.24888630412405e-06)
(4.15343266759288e-06, 2.24888630412405e-06)
(0.476137500053695, -0.879370843853893)
(50, 0)
(50, 0)
41: 5100000000
(0.325303747575841, -0.945609576526286)
(2.30637692794603e-05, 7.93427939614826e-06)
(2.30637692794603e-05, 7.93427939614826e-06)
(0.325303747575841, -0.945609576526286)
(50, 0)
(50, 0)
42: 5200000000
(0.161053375818349, -0.98694569672536)
(4.24823318335246e-05, 6.93242087900644e-06)
(4.24823318335246e-05, 6.93242087900644e-06)
(0.161053375818349, -0.98694569672536)
(50, 0)
(50, 0)
43: 5300000000
(-0.0139660266699793, -0.99990246894389)
(5.19465199568419e-05, -7.25557247494477e-07)
(5.19465199568419e-05, -7.25557247494477e-07)
(-0.0139660266699793, -0.99990246894389)
(50, 0)
(50, 0)
44: 5400000000
(-0.196283694127901, -0.980547147904689)
(4.55240436075293e-05, -9.11289933382587e-06)
(4.55240436075293e-05, -9.11289933382587e-06)
(-0.196283694127901, -0.980547147904689)
(50, 0)
(50, 0)
45: 5500000000
(-0.381401226171722, -0.924409597538742)
(2.36216716674786e-05, -9.7460417570195e-06)
(2.36216716674786e-05, -9.74604175701949e-06)
(-0.381401226171722, -0.924409597538742)
(50, 0)
(50, 0)
46: 5600000000
(-0.563459919552639, -0.826143401024077)
(1.19863150132216e-06, -8.17510384360694e-07)
(1.19863150132216e-06, -8.17510384360694e-07)
(-0.563459919552639, -0.826143401024077)
(50, 0)
(50, 0)
47: 5700000000
(-0.73450999954539, -0.678597862536517)
(2.65322360583273e-05, -2.87183231351417e-05)
(2.65322360583273e-05, -2.87183231351416e-05)
(-0.73450999954539, -0.678597862536517)
(50, 0)
(50, 0)
48: 5800000000
(-0.882437410669824, -0.470429627745413)
(0.00020046578056265, -0.000376036061281718)
(0.00020046578056265, -0.000376036061281718)
(-0.882437410669824, -0.470429627745413)
(50, 0)
(50, 0)
49: 5900000000
(-0.983690748489095, -0.179850369260182)
(0.000453424658440876, -0.00248000403602099)
(0.000453424658440876, -0.00248000403602099)
(-0.983690748489095, -0.179850369260182)
(50, 0)
(50, 0)
50: 6000000000
(-0.970309937732214, 0.241436595678152)
(-0.00347398536970109, -0.0139616056061808)
(-0.00347398536970109, -0.0139616056061808)
(-0.970309937732214, 0.241436595678152)
(50, 0)
(50, 0)
51: 6100000000
(-0.509589952392007, 0.853167715491505)
(-0.0956887601224489, -0.0571540974064605)
(-0.0956887601224489, -0.0571540974064605)
(-0.509589952392006, 0.853167715491505)
(50, 0)
(50, 0)
52: 6200000000
(0.572394241418413, -0.146011520602378)
(0.199438207687905, 0.781837495619554)
(0.199438207687905, 0.781837495619554)
(0.572394241418413, -0.146011520602378)
(50, 0)
(50, 0)
53: 6300000000
(-0.254253970815828, -0.151101569786526)
(0.488027822743268, -0.821189428914484)
(0.488027822743268, -0.821189428914484)
(-0.254253970815828, -0.151101569786526)
(50, 0)
(50, 0)
54: 6400000000
(-0.193808267937945, -0.844988108139168)
(-0.485816111595568, 0.111427815631669)
(-0.485816111595568, 0.111427815631669)
(-0.193808267937945, -0.844988108139168)
(50, 0)
(50, 0)
55: 6500000000
(-0.882604405524208, -0.44415102416481)
(-0.0692599239071859, 0.137631370054143)
(-0.0692599239071859, 0.137631370054143)
(-0.882604405524208, -0.44415102416481)
(50, 0)
(50, 0)
56: 6600000000
(-0.996321460340554, -0.0358095302872935)
(-0.00279639822668089, 0.0778036333497803)
(-0.00279639822668089, 0.0778036333497803)
(-0.996321460340554, -0.0358095302872935)
(50, 0)
(50, 0)
57: 6700000000
(-0.96062894532087, 0.273214734581679)
(0.0138027141358311, 0.0485306429141544)
(0.0138027141358311, 0.0485306429141544)
(-0.96062894532087, 0.273214734581679)
(50, 0)
(50, 0)
58: 6800000000
(-0.857174682008298, 0.513638062748291)
(0.019420312840664, 0.0324092034664017)
(0.0194203128406639, 0.0324092034664017)
(-0.857174682008298, 0.513638062748291)
(50, 0)
(50, 0)
59: 6900000000
(-0.71394417432596, 0.699509617506824)
(0.0217968004564834, 0.0222465829137795)
(0.0217968004564834, 0.0222465829137795)
(-0.71394417432596, 0.699509617506824)
(50, 0)
(50, 0)
60: 7000000000
(-0.545776091395737, 0.837477906781599)
(0.0230844910874134, 0.0150439351480514)
(0.0230844910874134, 0.0150439351480514)
(-0.545776091395737, 0.837477906781599)
(50, 0)
(50, 0)
61: 7100000000
(-0.362882837469711, 0.931477654900246)
(0.0240362349385391, 0.00936397893250563)
(0.0240362349385391, 0.00936397893250562)
(-0.362882837469711, 0.931477654900246)
(50, 0)
(50, 0)
62: 7200000000
(-0.173217235889255, 0.984557123619818)
(0.0249750397687917, 0.00439396277898937)
(0.0249750397687917, 0.00439396277898937)
(-0.173217235889255, 0.984557123619818)
(50, 0)
(50, 0)
63: 7300000000
(0.0167519531578335, 0.999519480384718)
(0.0260766061695202, -0.000437044093326664)
(0.0260766061695202, -0.000437044093326662)
(0.0167519531578335, 0.999519480384718)
(50, 0)
(50, 0)
64: 7400000000
(0.20172670204614, 0.979040294682294)
(0.027466539566525, -0.00565935281057344)
(0.027466539566525, -0.00565935281057344)
(0.20172670204614, 0.979040294682294)
(50, 0)
(50, 0)
65: 7500000000
(0.377387327576557, 0.925516392832412)
(0.029255820660652, -0.0119293143381218)
(0.029255820660652, -0.0119293143381218)
(0.377387327576557, 0.925516392832412)
(50, 0)
(50, 0)
66: 7600000000
(0.540196336027959, 0.84070347318605)
(0.0315411415080323, -0.0202668474916694)
(0.0315411415080323, -0.0202668474916694)
(0.540196336027959, 0.84070347318605)
(50, 0)
(50, 0)
67: 7700000000
(0.68710573983697, 0.725015490896809)
(0.0343389655726636, -0.0325434430592042)
(0.0343389655726636, -0.0325434430592042)
(0.68710573983697, 0.725015490896809)
(50, 0)
(50, 0)
68: 7800000000
(0.814923599438123, 0.575960910040155)
(0.0372643005234207, -0.0527250328689367)
(0.0372643005234207, -0.0527250328689367)
(0.814923599438123, 0.575960910040155)
(50, 0)
(50, 0)
69: 7900000000
(0.918177076149882, 0.383780833020764)
(0.0379097304502554, -0.0906971960753507)
(0.0379097304502555, -0.0906971960753507)
(0.918177076149882, 0.383780833020765)
(50, 0)
(50, 0)
70: 8000000000
(0.977163806040682, 0.115681603322245)
(0.0209543502826739, -0.177001632820471)
(0.0209543502826739, -0.177001632820471)
(0.977163806040683, 0.115681603322245)
(50, 0)
(50, 0)
71: 8100000000
(0.82491127527461, -0.340564289452956)
(-0.172162460747498, -0.4170101195218)
(-0.172162460747498, -0.4170101195218)
(0.82491127527461, -0.340564289452956)
(50, 0)
(50, 0)
72: 8200000000
(0.125053380955098, 0.245494068600181)
(-0.856568300910604, 0.436331364984171)
(-0.856568300910604, 0.436331364984171)
(0.125053380955098, 0.245494068600182)
(50, 0)
(50, 0)
73: 8300000000
(0.766530404400873, 0.0870739069002673)
(-0.0718160028797103, 0.63221178065308)
(-0.0718160028797103, 0.63221178065308)
(0.766530404400873, 0.0870739069002674)
(50, 0)
(50, 0)
74: 8400000000
(0.596635321772638, -0.340672493273491)
(0.360292833486549, 0.630997321134027)
(0.360292833486549, 0.630997321134027)
(0.596635321772638, -0.340672493273491)
(50, 0)
(50, 0)
75: 8500000000
(0.0131595776627955, 0.0883013889384522)
(0.985127107318231, -0.14681373455536)
(0.985127107318231, -0.14681373455536)
(0.0131595776627953, 0.0883013889384521)
(50, 0)
(50, 0)
76: 8600000000
(0.703010275472199, 0.203696041294194)
(0.18963022214701, -0.654465319318031)
(0.18963022214701, -0.654465319318031)
(0.703010275472199, 0.203696041294194)
(50, 0)
(50, 0)
77: 8700000000
(0.382739199482107, -0.323912545278307)
(-0.558933427823954, -0.660442875237586)
(-0.558933427823954, -0.660442875237586)
(0.382739199482107, -0.323912545278307)
(50, 0)
(50, 0)
78: 8800000000
(0.943224545983261, 0.218550215374218)
(-0.056459878078479, 0.243670969509948)
(-0.056459878078479, 0.243670969509948)
(0.943224545983261, 0.218550215374218)
(50, 0)
(50, 0)
79: 8900000000
(0.97172214894575, -0.22849913377249)
(0.0136274730642007, 0.0579525934826093)
(0.0136274730642007, 0.0579525934826093)
(0.97172214894575, -0.228499133772489)
(50, 0)
(50, 0)
80: 9000000000
(0.881245144135943, -0.472179275475416)
(0.0100601194988347, 0.0187755624150365)
(0.0100601194988347, 0.0187755624150365)
(0.881245144135943, -0.472179275475416)
(50, 0)
(50, 0)
81: 9100000000
(0.760216649842723, -0.649610185247109)
(0.00570986635644469, 0.00668206190593341)
(0.00570986635644469, 0.00668206190593341)
(0.760216649842723, -0.649610185247109)
(50, 0)
(50, 0)
82: 9200000000
(0.617167032092586, -0.786823234655219)
(0.00294949609590407, 0.00231352058696569)
(0.00294949609590407, 0.00231352058696569)
(0.617167032092586, -0.786823234655219)
(50, 0)
(50, 0)
83: 9300000000
(0.455141777121489, -0.890417701371201)
(0.00134444484399688, 0.000687220182838061)
(0.00134444484399688, 0.000687220182838062)
(0.455141777121489, -0.890417701371201)
(50, 0)
(50, 0)
84: 9400000000
(0.276590658419118, -0.960987699163497)
(0.000480236032592274, 0.00013822112454395)
(0.000480236032592274, 0.00013822112454395)
(0.276590658419118, -0.960987699163497)
(50, 0)
(50, 0)
85: 9500000000
(0.084335261692801, -0.996437431717013)
(9.08257479734504e-05, 7.68719939654045e-06)
(9.08257479734504e-05, 7.68719939654043e-06)
(0.084335261692801, -0.996437431717013)
(50, 0)
(50, 0)
86: 9600000000
(-0.118014320077932, -0.993011893310614)
(4.57984661312136e-07, -5.44291048022394e-08)
(4.57984661312136e-07, -5.44291048022394e-08)
(-0.118014320077932, -0.993011893310614)
(50, 0)
(50, 0)
87: 9700000000
(-0.325707296517098, -0.945470650587252)
(7.24605810007098e-05, -2.49621074193475e-05)
(7.24605810007099e-05, -2.49621074193475e-05)
(-0.325707296517098, -0.945470650587252)
(50, 0)
(50, 0)
88: 9800000000
(-0.532325739609381, -0.846539581887638)
(0.00017604528964523, -0.000110701780543067)
(0.00017604528964523, -0.000110701780543067)
(-0.532325739609381, -0.846539581887638)
(50, 0)
(50, 0)
89: 9900000000
(-0.728524470926533, -0.68501972618936)
(0.000181229700128178, -0.000192739371370392)
(0.000181229700128178, -0.000192739371370392)
(-0.728524470926533, -0.68501972618936)
(50, 0)
(50, 0)
90: 10000000000
(-0.897807584361391, -0.440387932742064)
(4.438606771492e-05, -9.04887379322761e-05)
(4.438606771492e-05, -9.04887379322761e-05)
(-0.897807584361391, -0.440387932742064)
(50, 0)
(50, 0)
